max_iter, hidden_layer_sizes, accuracy
500, (50,), 0.8986000000000001
700, (50,), 0.8943999999999999
1000, (50,), 0.8943999999999999
500, (100,), 0.8936
700, (100,), 0.8874000000000001
1000, (100,), 0.8870000000000001
500, (200,), 0.8834
700, (200,), 0.8764000000000001
1000, (200,), 0.8747999999999999
500, (50, 50), 0.8646
700, (50, 50), 0.8553999999999998
1000, (50, 50), 0.8542
500, (100, 100), 0.8583999999999999
700, (100, 100), 0.8583999999999999
1000, (100, 100), 0.8583999999999999
500, (200, 200), 0.8603999999999999
700, (200, 200), 0.8603999999999999
1000, (200, 200), 0.8603999999999999

Best value of max_iter: 500
Best value of hidden_layer_sizes: (50,)
Best accuracy score: 0.8986000000000001
