max_depth, n_estimators, accuracy
5, 100, 0.05, 0.909
5, 200, 0.05, 0.9114000000000001
5, 300, 0.05, 0.9106
5, 400, 0.05, 0.9094
5, 500, 0.05, 0.908
5, 600, 0.05, 0.9072000000000001
5, 700, 0.05, 0.906
5, 800, 0.05, 0.9052
5, 900, 0.05, 0.9052
5, 1000, 0.05, 0.9036
6, 100, 0.05, 0.9101999999999999
6, 200, 0.05, 0.9114000000000001
6, 300, 0.05, 0.9108
6, 400, 0.05, 0.9104000000000001
6, 500, 0.05, 0.9098
6, 600, 0.05, 0.9090000000000001
6, 700, 0.05, 0.9074000000000002
6, 800, 0.05, 0.9065999999999999
6, 900, 0.05, 0.9048000000000002
6, 1000, 0.05, 0.9038
7, 100, 0.05, 0.914
7, 200, 0.05, 0.9136
7, 300, 0.05, 0.9128000000000001
7, 400, 0.05, 0.9110000000000001
7, 500, 0.05, 0.9098
7, 600, 0.05, 0.9088
7, 700, 0.05, 0.9086000000000001
7, 800, 0.05, 0.9082000000000001
7, 900, 0.05, 0.9074
7, 1000, 0.05, 0.9072000000000001
8, 100, 0.05, 0.9136
8, 200, 0.05, 0.9132
8, 300, 0.05, 0.9112
8, 400, 0.05, 0.9102
8, 500, 0.05, 0.9097999999999999
8, 600, 0.05, 0.9098
8, 700, 0.05, 0.909
8, 800, 0.05, 0.9075999999999999
8, 900, 0.05, 0.9074
8, 1000, 0.05, 0.9072000000000001

Best value of depth: 7
Best value of iterations: 100
Best value of learning_rate: 0.05
Best accuracy score: 0.914
