n_estimators, Accuracy, learning_rate
100, 0.9066000000000001, 0.01
200, 0.9074000000000002, 0.01
300, 0.9064, 0.01
400, 0.9056, 0.01
500, 0.9046, 0.01
100, 0.9046, 0.05
200, 0.9052000000000001, 0.05
300, 0.9048, 0.05
400, 0.9052000000000001, 0.05
500, 0.9044000000000001, 0.05
100, 0.9046000000000001, 0.1
200, 0.9036, 0.1
300, 0.9044000000000001, 0.1
400, 0.9054, 0.1
500, 0.9042, 0.1
100, 0.8948, 0.5
200, 0.8944000000000001, 0.5
300, 0.8918000000000001, 0.5
400, 0.8880000000000001, 0.5
500, 0.8864000000000001, 0.5
100, 0.8766, 1.0
200, 0.8812, 1.0
300, 0.883, 1.0
400, 0.8854, 1.0
500, 0.8838000000000001, 1.0

Best value of n_estimators: 200
Best value of learning_rate: 0.01
Best accuracy score: 0.9074000000000002
